true

Base Date:
1605122262767
3
8850
43


1605122262767
0
0
43
 
1605152096045
280
11170
43
 
1605238555385
160
188
44
 
1605393693800
456
4441
44
 
1605473844934
646
7691
44
 
1605485332898
1113
10011
44
 
1605636901769
2054
349
45
 
1605726055737
2420
2709
45
 
1605812455737
2575
5839
45
 
1605834994762
2835
8239
45
 
1605981212211
2985
10639
45
 
1606067612211
3135
13039
45
 
1606154012211
3285
89
46
 
1606240412211
3761
5015
46
 
1606323340857
3918
7735
46
 
1606409740857
4068
10135
46
 
1606496140857
4218
12535
46
 
1606582540857
4368
14935
46
 
1606668940857
4915
2500
47
 
1606749793508
5135
5500
47
 
1606790990053
5285
7900
47
 
1606877390053
5435
10300
47
 
1606963790053
5585
12700
47
 
1607050190053
5735
15100
47
 
1607136590053
5885
225
48
 
1607222990053
257
4610
48
 
1607369569210
407
7010
48
 
1607455969210
557
9410
48
 
1607542369210
707
11810
48
 
1607628769210
857
14210
48
 
1607715169210
1007
16610
48
 
1607801569210
1157
760
49
 
1607887969210
1307
3160
49
 
1607974369210
3305
6268
49
 
1608063968057
3455
8668
49
 
1608150368057
3605
11068
49
 
1608236768057
3755
13468
49
 
1608323168057
3905
15868
49
 
1608409568057
4055
18268
49
 
1608495968057
4205
1468
50
 
1608582368057
4355
3868
50
 
1608668768057
4505
6268
50
 
1608755168057
4655
8668
50
 
1608841568057
4805
11068
50
 
1608927968057
4955
13468
50
 
1609014368057
5105
15868
50
 
1609100768057
5255
18268
50
 
1609187168057
5405
20668
50
 
1609273568057
5555
23068
50
 
1609359968057
5705
25468
50
 
1609446368057
5855
1468
51
 
1609532768057
6005
3868
51
 
1609619168057
6155
6268
51
 
1609705568057
6305
8668
51
 
1609791968057
6455
11068
51
 
1609878368057
6605
13468
51
 
1609964768057
6755
15868
51
 
1610051168057
6905
18268
51
 
1610137568057
7055
20668
51
 
1610223968057
7205
23068
51
 
1610310368057
7355
25468
51
 
1610396768057
7505
27868
51
 
1610483168057
7655
1468
52
 
1610569568057
7805
3868
52
 
1610655968057
7955
6268
52
 
1610742368057
8105
8668
52
 
1610828768057
8255
11068
52
 
1610915168057
8405
13468
52
 
1611001568057
8555
15868
52
 
1611087968057
8705
18268
52
 
1611174368057
8855
20668
52
 
1611260768057
9005
23068
52
 
1611347168057
9155
25468
52
 
1611433568057
9305
27868
52
 
1611519968057
9455
30268
52
 
1611606368057
9605
1468
53
 
1611692768057
9755
3868
53
 
1611779168057
9905
6268
53
 
1611865568057
10055
8668
53
 
1611951968057
10205
11068
53
 
1612038368057
10355
13468
53
 
1612124768057
10505
15868
53
 
1612211168057
10655
18268
53
 
1612297568057
10805
20668
53
 
1612383968057
10955
23068
53
 
1612470368057
11105
25468
53
 
1612556768057
11255
27868
53
 
1612643168057
11405
30268
53
 
1612729568057
11555
32668
53
 
1612815968057
11705
1468
54
 
1612902368057
11855
3868
54
 
1612988768057
12005
6268
54
 
1613075168057
12155
8668
54
 
1613161568057
12305
11068
54